11111111111101101110010111111110
11110110110111100101111000111111
00111001111111011101010101100111
11111101110111011101010111111101
11101111110011011111100011101111
11111011101110111111111111111101
11010011111110110111111111111101
01110010100011110000111111100111
01000111111111101101101100111001
11111111111011101111001100111111
10011100001101010111111011101000
11100011111100111101011111111110
01111111110101100110000110111110
11101111101110111111011110011101
11011101111001000111101110111111
01011011111100101111110100111110
11111100010011111111011110011101
11110110011111111111101111011111
01101111011011111011110111100101
11011111010100111111011111111110
11011011111010111111100010111110
01101101111111111011101110111111
11011010111111111010011011010101
10111111011111111110111111111111
11010100011111101011101111111111
01111110111110111110101111101110
11111011101100010110111111101101
11110111111111010111111111111111
11110111111011110011101110011110
00011101111001111001011101100111
11111011011111111101111101101100
11111011111111111111111111001101
11111111001111110011101111101011
10111011101010111111111011010111
11101110111110011110000110101101
11111111111101111111111110101111
11010101001111111110010011100101
10111110100111101111110111111001
11100010101111111111111111001011
10011111111001011111101101111101
10101111111000110111101111111111
10101111110111011110111110111101
11111110101111100010110100110111
01111011110110111101010111110111
01010010111111101111101110111011
11111000100101111110101101100011
10111111111111110111100111010111
01111111011010101111001011111111
00110111011011101110111010111111
01101110011111101011010111101111
11010110110101010010111101110111
10110111111110111111111100111111
11111101111111101101111101011111
01111111100100111111111110111111
01110111101111111111111101011111
10100101110110101110010111111111
01010011011110110101111111010111
01011011111001011111111101110010
11110111111110001111001111101110
11110001111010110111101001101101
11111111111111011011110111111001
11111000011111101101111010101011
00111100111101111110110111100111
11111011101111101111001101111101
11100111111010111100011111001101
11111110001010110001111111111010
11011011101111100011101111011110
01101111011110011111101111110111
10111011101011101111111111111011
10011111111011101111111110111011
11111011111111111111101111101111
11100111111110101011100011111110
11111011110111110111111111100010
10100111101010111111111111100101
10111111010111010101111101111111
10111110101111111101011101111111
01100101111111111101111110011111
11110110111111100111111011011011
11100111111011111111111000111111
11110111111111110101111111111101
10110111111111110111111111111111
11111111001111111111110111000101
11011001111111111000101111111101
01110111111111111111111110011111
01111010101110100110110001000100
01000111110011111111111101111111
00111010000101110111101101111110
11110111111011111011011111011101
11101101011111010011111110110011
11110001100111101101111011110101
11101111110111101011110111111110
01000111001111111010111111111000
00100111111111110110110111111101
11111111101011010011111111111111
11100001110111010100101111100101
10111111111111111111111111111100
01110111011101110010111011111011
11110100010111010110101111111101
01111101110111111110101101101010
11110111001110111111011111100110
10011001010101111001111110101110
11110111111101101101111110111010
10111111111111010011011111111111
11111110111101101111101111111110
11111111100111100011111111011111
11100101111010111011011111111001
00111101101111001011100101111111
11111110010111111011111111111111
10101110111111110101011110100101
11011101011111111111111001001101
11111101110111111111111110001011
11011101101000101011100110111000
10111001011111111100101111001001
11110111011000101101011110111100
11110111111111111000001011101101
00111111101010110101111011111010
00011100111101101011011111111111
11111111001110111010101111111011
11111110101011001011111101111100
11111111111101111110100111001011
11110101011101101111011111111011
01110101111111110110000111000001
11110110111111111111110110011111
10011010111110011111011100111101
11011111101100111010111011110011
11011111110010001111101111110011
11110101110011111011111111011111
01111111101011111110101111101111
11100110111010011111111111111111
01111011110111011100010111100111
11111111100111111101010111111111
11101101101001010011111111111111
01111001111001111011111010110101
11111011101111101101010111111110
11101111011010010010111110111001
11011011000111101011111111111001
11111101101010101001010111011011
11111101111010011101101111111111
11110111000011111011111111110101
11111001111101011100010011100011
01101110111111011111101111010111
10111011010101100111111011111110
11110111110111111110111111111111
11111001101100111010111011111101
01111101110111110101111111101101
01100111111100001110011111001111
11111100111001111111111111100111
10111111101110001011111111111011
11111111111100111010011111110101
11011110111111111111011111110011
11101111111100011101110011111110
01101001011111011111111110100101
01010011011111110110111110101101
11110100001110011011111100111111
11101111111011100101100110111101
10101110001100111101010011010111
00111111111111110011101111101111
11011111001111111011001101101111
01110011011111111111111111111011
01101011111111101111011101111001
11110011001111001111111111111101
00110111111111010010111111110111
00010111001111110010111111111111
11111111111111110001110101101111
11111110101111011111111111110011
10101101011110111101101011010000
01111100110101111111111101011111
11010111111011111101111111001110
11101111111111110100101101011111
11110001011111001111011100001111
01111011111011101111011011111111
10111110111011111111011111111011
11110001111111111111010111110110
11111011111011011101101100110001
10111010110111111001111111011111
10110011101101010011111111110011
11111111111110110110100101001011
01111111111111111111011111111111
01110101110111111010111101111111
01111111101001011111101101101011
11101011111110111111111110001010
11111111111011101110111100011111
10010000111101110001001111010101
11111101101011111101111111110111
11110011111101010111111111100111
01011101111111111011110110110111
01101010101110111011011001101111
01011111111000111101010000101000
11101101111101111111101011110011
11100011110111111011010101111011
00111000101111111111111111101111
11100101111010111111101010011111
10111110111111111111111111111101
11100101110111101111111111111111
11111111111010101011100111110110
10110111111111111110111110111110
11101111111101111101111111111111
11110101111101100010111011111101
10111011101111101111011101111111
11111101111110100111011011101101
11101110111011110111111111011111
11001111111011010110111011101110
10001011111101001101111011111110
11001110101101101111110111011111
01001010011110111111101111111111
10001011011101101101001011001111
01111111101111011110111011111110
01110111101101111101111011110101
01111110110011111011111011101011
01111111000111101111111100111110
00011101100001111100110110011010
10110111001011111111111001110001
11111111011100101111111111011111
11010101111111101111011111011011
01100100111101111001111100111000
10110110110011101100110111111111
11110111101111101111111111101111
11011111101101111111011001110111
11111110110011111111011111111111
00111111100111011110110111111111
01001111111011011101101011011111
10101110101111001101101111110111
11110101111111101111010111000111
01101110010110111011111111110101
01111101111011111110111111010110
11111101101111111111010100110110
00101110111111001111000110111101
11111110011100011110101111110101
10111111101111111111001111110111
01111101001010111110110101111010
01111111001111111111100110111111
11111001111111111111011111111011
01011111110111110111111110011011
11110111101001011101110111101001
11111101101011010011111011000100
11111100011011111111101111111111
11001111011101111110100111111001
01111101100110010011110111111000
10110100111110011111111111111111
00011010011010111111110111111111
11101111111110110111011110010110
11110101001011100110001011111111
11111001100110000111110110011111
11111111101011011111110111011011
11101111110111111111111111111101
11001111111110111110011111111111
11011011110101010111111001010011
11101111110111111110111111111111
11111110111100111111010111111101
10111111100111111010111110010101
11111110111111011011111111111011
01110110011101110111011111111110
11011110000101101001111110101111
10110001111111101110111111101111
11101011111011111101101111000101
11110111111111111001111111011111
01000011110011111111111011101101
01111010001010110111110101010001
01101111111111111111111111101111
11111011110010101101011001101111
10111100110011110111111101111101
11011011111110101111111111111011
00111011110011011111110111111101
11010111101111111011111111111111
11101011111111101000001110100111
11101011111001101110100110111110
01110111101111111111100011110010
11111110111111111001111111111011
11100111111100111010110111110010
01100111100111110101101111111111
10111100010111111101100110101111
10011001011111110111101111111001
11010011101111111111101111010101
11111101111110111101010111111101
11111010101101111100101000111111
01111110111011111111000111011110
11010110111011110111111111111101
11111111110101010000100110010001
11111100011100111111011010111110
01011000111101010111111010011110
01010100100001111111111011011101
11100111111001011111111111100111
10011111111010111000111011111111
11110101111001111111111101001111
11111111000111111111111011111001
00111111111110011011011111101101
11011011110101111111011111011111
00111001111111101010111010101111
11010001100110011111111111101001
11010011111001111111011101110011
11011111001111110011011111101101
10111101101111110111111111101101
11011111110110101101111111010111
10011111111111100110101110101111
10010110110100111011000110010010
01011111011111011111011100101110
10111011011011000111011111011011
11100101111000101111111111110110
11100111111111111111110011111011
11011111011010011111011011101011
01111111011111111111011011111111
11101111011111111011010111100100
11111110010111110111110111111110
11111101011110111110111111111110
11110111100010111111111010111111
11110110100001001111000111101111
11110110011101101110111110011111
00111111110111111001111010111111
11111100101001101011111111001101
11101110111111111111001011111111
11110111110111111101110111101111
10111111110110110001111101111111
10110101000111111111101111111100
10111011101111111110111011110110
01111101101111011110111011011011
11001001100111111110110111100111
11111111111001111111101101111111
11100111010101111101101010111100
11110111111011111111000101111011
01011110110011110011011111111111
11111111110100110110110111100111
11111101110101110111111010111011
10110111011011100111111111101111
10011011101101101011011101111111
01111111011001110111100111011010
10111001111000110111110111111010
10110101111001110110001100101110
01011111111101111100111101011111
11111010001111111111111011111111
11110111111111111011011110111001
11111110111111111111111111111110
01011010111111111111101011111101
11100101111100111110111111011111
10111111111111110001011011001111
01011111111111111111001111111010
10111111010011011111111010111110
11111111111110111111101110111111
11111101111111011010111101011111
11011111010101101011011100111011
11111111111111111010111011110111
11101111110011010010011101111101
11101011011011111111010111110010
11110111111101100111101101101110
11101101111111110111111001011011
01101011011111101111010111010011
01111011111111101110011111000011
11111111111111110001001101111111
10101101111110110010011001001111
11111010110111111111110110111110
10001111010101110111111101011111
11110111111110101011011111101111
11011111111101110011101000110100
11101111111011111101111011111110
11111010001011110111011111111011
11111011110111101101111111111110
11001111111111001110111111001011
11100001111110111001111010110110
11111101011111110011111111011110
01101111111110111111010000111111
01101111111111001111011111101111
11110110101111111101110111100010
01111110100011011111111111101110
11111111000111011011100100100110
01111111111100100001111001110101
11111111011111101111111111111100
11101111110110000111101111101110
11111100110011001011111011110111
01100100111011111011111111111100
11101111110010111101011111111111
11111011011011101010110111111111
11110100011111011111101100110001
11100110101011011011110111111111
10111000101111111110011011110011
01111111111011111011100111011110
10111110111111101001111000111111
01111100111111111111111110111001
11011110111011111111011001111001
11111110111111101110111111011111
11010111111111111010000010110110
10111111111000101100110111110111
11111111111110111111101111001111
11111111111111101110111111111101
11001111111101001001110001101011
11011111111111111011101101101111
11010111011111101111111111111101
10011111111001101110101111111110
11100011111111110101001101101101
01001011111001111111110001001111
11110111110001111101111100111011
01110111011111110111111011011111
10101011011110101011111110111111
11110111111111111110001111001111
11110110111111111111011111111101
10010111101101101110011111111111
11011011011110011111111001110010
11001100111101011111111111111110
11010111111111001110110111111011
10111011101011101110111101010101
11101001101110111111100110001111
11011110110011010111110110111111
11111011111111101110101011101111
01111001111100110011111101101001
11111111101111111110111111110111
11111001110111111110110011011111
10111101101110111011001011111111
10110101110010101101011011110111
00011111111100101111111111000111
11101111101111101101110111011101
01110100100111111110111101111111
11110111011111010111101001111111
01111101000011101010111101111001
11111111110111001111110111111011
11111110111011110011111111111100
11011111111001100111111111100101
10111100111111011011100011111101
11110100101111011111101010110111
01110111110011010011010101011101
01111111111111101100010000100111
11101110110110011001110111111111
11101011111110111010010011111111
11100111011111111110111001001101
11100111110111000101010001100111
10110101101011110100111101111111
01111010011011110111111110111010
11011111111110011001011101011011
10100111011011111111111111110111
11111111011010111011001111111011
11010101010011110101100000011010
11010101111110010111111111011110
10001111101101010111011110111111
01010111001110110111110001110110
00100111110000011110110101110111
11101111111111111111011101001110
11100100010011011110011111011111
10101011001111110101110111101111
10111111110110111101111010111110
10111111111111101101111011111111
01110111010111111111111010011111
11001111010010011010011011100111
01100111011010101111110111101011
11111111111111111111111010010111
01011010011001010111110111111110
11011111111111011111111111100111
11100111111111011111001111111111
11110011110101101101111110011011
11101111110001011111111111101111
11110111011101110111101001111110
01101010111110011111011111011110
01100111111100110101111111111111
11111111101011111111100001111111
11010101111111111111110011001100
10111111011111001001111011011101
01110111100110110000111111111110
01101001111001000101111011001110
11110001110110010010010111110011
11111111100101111011111110100111
10010111101101001110111111111110
01100011101011111011111111111011
11110110111010110101111111111100
11101110001101000111111101010111
11011111111011001111001111011101
11111101100111111000110111011111
11111111101110111111011111111111
11000011101111010110111111110111
11111111111110110111110011101111
11111011111111110110111001111101
11000001111111111111110111110011
11100010110111111011111111111010
00011100101111000111100110110110
00110101111110011111111101111111
11111011101111100111111011111111
01110010110111110111111110111111
11110011011000101111110101111001
10111011001101011000111111111111
10111110011111011111011011101110
01010011101110111111111111001111
11101111011110101110101111101111
10001111111111111110110101110111
11111101110111101011000111111111
01101111100111111100111111011010
11111111100110111111110100110111
11110101111111010111011111111011
10100111111101111001111011101110
11101011001110111111111111110110
11111101011101111111101111101111
00101111011101110111101111101101
11111001100011000111011111010110
11111110011110011111111101100010
10110110110111110001011111011111
10100101111111100101111111001111
11111101111111111011111111101111
01111011011111111101111010111110
11100111111110111111111111100100
11011111010110111101111111110101
10111101110001111111110101110111
11111111111111011101111001000111
00011111111100001010011111111111
11010111011111111111110101110111
10101111111101111111110011111110
11110101101111111111111000111011
11101001111111011001111110010111
01111011100011111011111111111010
11101111111111110111110111011100
10111101111101101111011111010001
01111111111101110001111111111111
11110010101111111110101111111111
11111110110111111100111011011110
11110111111111010000110101111111
01111111111110111111011111111111
11111101111011101011111111111001
01110011111101111111101111101111
10011011111110111110001011011110
11110011011111010100100001111111
10011110101111110010111011011010
01000111111011011101110011111011
11101011110011010011111111110101
11111101111111011010011011011111
11100011111111001111110111111111
11111111111111111111011111011111
11101101111111101011111110110101
10001110101111110111011111111011
11011110110010101010111011110111
00011100110110010111111101010011
11111111110101010111111101101111
11111101110101101111111110111111
11111111111101110100110110111111
10101111111101111101111011110111
01111010110100011000010111111011
11010011110111111101001110010101
10101011010110011111101011111111
11011110001111111011111101010010
11111011001111111010111101111111
11111101111111101101110111011001
11111101110101001111110111110111
01111110111110101111110101110111
11010110100100111010111101111101
11101001100010011001011111001101
11110110111101011111111000111110
01101011101111111101011111110101
11110101111111110011111011001111
11110111110101001101111111111110
00111111110000111111111110011111
11101011110111111010100101110011
11111110011111110111110110011111
01110111110111111011111111001110
10111011111111111111111011000011
01110101000101110111001101101011
11111110111011111111101000111110
10101011111111011101111110001101
01101111011110110111001110101111
11111010111101110101011111001000
11101111111100001110101111011111
11000011001111111111110101111100
11011111101101011111001111111111
11111111110101101101100111111001
11001111111001010111111100111111
11110110100110111111111111111111
11111110101111101011111011101110
01111001101110110101111011011011
11111101011001111100111110101111
11011001011111111011001111111111
11100001100111111111101111101111
01011111111101011101011110111111
11111111111101011111010110111111
01111111001111111001111110100011
11010110111111111010011011111111
11111011111111111111001001110001
10101111101010110111111101101111
11101001010111110101101001010011
11010111101111110010001101110011
11111110100010101011111111111111
01111111111111110110111111011111
01000110011111111100111111101111
11111110111110101111010101101111
10110111110110011101111010110110
00110110111101101100111111111110
11111101111111111101101101110110
10110101111101111010001111111011
11101111111101111011011111101010
11100111101011010111110111101101
10111111011001011111110111010100
11000111010110111011011001111111
11011111111111101011111111011011
11011011111010100101111111110100
11110011011101011111010111011111
01010110111110111110101101101011
01111111100110011001111110000111
10111110101111011111011110111010
11001011110111111100111101110111
01011101011111111111000110111111
11111110011100101111111110111111
11111111110110101110110110010001
01111111110111010111111001111111
01110011010100101110101111111111
11111101111111000111101111111111
10101111110100011001110111111111
11111110101111101011111001011101
00011010111011111100111111110111
10111111101110011011011011110111
11111101011111100111111111111111
11110000001101110110111110111111
11101111111101111010000110111111
00100101011100111011111101101111
11101111011101010011111111101101
10111010111111000111111111111111
10111001101101101111110001110011
11001111111111110101111111110110
11011011101111111111100111010011
11111001011111111111011011000111
11110011101111011000111101111110
10011010111011111110100000110111
10001110111111110111111110101111
01011110101111110110111010110010
11101111110111011001101111111111
11111100011111011110011111010010
10111010111111111111111011111000
11011101111011111011010111101101
00111010101111110111111100111101
00111111101000101010111011111111
11101111111101111111011111111110
11111101101101111111111111111101
11000100111111100110011111100001
01111010010100101110110111111110
00111111111111011111111101101101
11111111010011011101101101101111
01100110110111011101111111011111
11011100110011111111110101101110
11111011111111111111101111101111
11111101011111011111110011111111
01110111101011110011111000111101
01111000101111111010111111111111
11111101001111101111010110001111
11101101110101110111011101111111
10011011011011101111000111110111
10101001001111010111101101111001
11111011000100110110111010111111
11111111111110011111111111101000
00110111111111011101111111111111
00010111110110111111111111111101
11011100111111010101111111101010
11111101110101111011111101111001
11100110110111111111111101101111
10111111101111011101011110011111
11111011111111101111111110101110
11101011111111110100111011111110
11010111111100111011110111001001
11101111001111111111000111101110
11101011011111111011100111101011
01111011101101111110010111110111
01011111101000101101011111111101
01111110111111101111111001111101
10111011000101001000111111101111
10111111011101101111011111111110
11111110111111110111110111111110
11111101111010111111111011011110
11101100000101000111111101111111
11010011111101011000011111101110
01011111111010111101100111111110
11011111101111110111111111111101
11110110111101000111001011010111
11110011111111110111111111111111
11101011101111010011101110111110
00101111101110110111101111110110
01010111001111111111111011110101
11011110111111011111111101111111
11011011111101011111100111110011
11111111011011011111111111111101
00110111110101011111011111101011
11101011111011111111110101111111
10110111111111111111101101111011
01111111110000010110101111011011
11101111111101111110001100010101
11010111110011101111110110011101
11110100010001001111010110110110
00101101111101111101000011101011
11011111111111111111100111110101
10111111110111101011111101011111
01011111111011001011111110101111
01110111111110111110111111011001
11011111101111111111011101111110
10011111011111111111101101110011
10101011111111101111111111011111
01011110110110010001101111011111
10101101101111111011111111110111
10111110001011111011110111111111
11111111111111111110111111111111
10101100111111111111101111101111
11111111111111101111011111101011
01101000110110010111000111111010
11111111100110011111111100110110
10110101111010111001111011110100
11111110111111110011111110111111
00101011111000011100011111011000
11111111110011110011011101111111
11111110101011101111101111111110
11010111011111011101011110100111
01111110101011011011111011111111
11111110111110110111110011001111
00111010111011111110100101001101
11111111110110011110111111011101
11111111111100101011011111000100
11011111111111111111111001110010
10110011110111111111110011101111
11111101101111110111110110111111
11100111111111011100110110111011
11011110111111111111011011111101
11110110111001000111100010001111
01111011110111011101111011011111
01111011111111010011111111100101
11111111111011110011110010011011
10011101111011111110111111110101
11011111010011111111111111111111
01111001111100011010011101011001
11110101011010111011111111011110
11111000111011101110000101111111
11011100110110110111111001111111
11110101111111111011111101010101
11101001111111011001011101110010
01101111111111101111011011111110
11000001111011111111111111110100
11011110111111011110110100011110
00111110111110111101111111101101
11111001100111111111011111000011
11111111101001010111111011011011
11011111010101000010010001111011
11111011111011011111111111100111
10101111111101111001111110111111
10110011110111111111110111111101
11110011111111111101101001111110
11110111010111110011111111111101
10010010110101111110111111111101
11111111011101111101111011101010
01011010110010111101010100011111
01111111100010111011110011110111
11100011101111111100010111110101
10011011010111101111101111111110
11001111100110011001111101111000
11101101111111011101111011010110
01111101111011011101111111110110
10011110111110111100011110111111
00111101111100000010001110111110
10011101111110100011111111011111
11110011111111111111111101011111
10111111011110111111011101011110
11011111001100010111111011111111
11001111101011101111101110110111
00111111011011111111111011111101
11110111111100011110111111111100
01111111110000101111111110111001
10101110110111011111110011101101
01111110100101101010101011110100
10101111101101111100110111101111
01111111111111111111011111111110
11101111101011111111110111111111
01111101110100101001111010110111
11110101110111101110111100100111
11111111111111010110111001111101
11111111110111111001111111111111
10101111101011011111011111110111
01100010111110111111011011111111
11110101110111111110111110111100
11101101111110011111111111111011
11101100111000111111001110001101
01101111101111111011100110100001
10101110111100111111011110111011
10110101001111111011101101101110
11110110111101111011111111111111
11010011010101111111010110110111
00111110101111111111111111111010
11111111100110111111110001111010
01111111111110110101111110111001
01110111111101111011101010011101
11111101111111010111011111011011
11011110011111111111110101011111
10111010111001011011011001111111
11111101111111111111111010001111
01010101001001110011111111111111
01001101011110111011101110010001
00111111011001101110111111011111
10111011111111001110111101111010
11101111001111101011111101101110
11110101101111011101111111111101
10111011110101110100110111101101
11001010111110110111111101111111
00111110101001011001111111010110
01011111111011110100010101011110
11111101101011111101011111101101
01111101111100101111111111101101
10101100011111111010001011011011
11111001111101011110101100110101
11111010001101111111100111111111
11100011111001011011111111011101
10011110001111111110111101111110
01111011101101101101101111101111
11001101111111101110111111011010
01111111111101001011111101011100
01111111111111011011111111111011
01110011110111111101011111110101
11101011111110111111111011100101
11110110110111110011111011110111
11010110101111110010111101011101
10011111111110110111111111011111
10111111110110110001111111101010
01111001101101010111111011101111
11111110111010001111111111111001
11001001110110110111101111111111
11010111111110011110011111110010
01111101111110111111011010111101
01100110111001111110111111111111
11101110111110011101111110111111
01011101111111011111111111111111
00001010011101111111111010111111
11111111110011011011111111101111
11111011111110010111110100100111
11100111110110111001011110111111
00111111111101111011001110011100
10111100011011111111111110011110
11101111111111111011001101011001
10111011111011111111000001111001
01110110100010110111111010010111
01111011111111010111111101000111
11011111101110001111111111001111
11111101011011111110011001111111
00001101011000101110111100101111
10111111010010110010101111011101
11100111100100101011100001101011
01101000111101110111111011111011
11111010011111111110111111111011
11001111111111011011101001110100
11111101111011111111001010101110
10010111111110011111011111111111
10111101111101111110111100110111
10111100111011110111101111111111
10101111110110111011111111101111
10111101111001111111101011111111
11100101101110110111101100111011
11111000101111101111011101110010
11111011011011111101101011011011
11011111110010001011111111111011
00111011011111111011111011010111
11101110110111110111101111010101
01111011111111101101100111101111
10111111111100010111101011111101
00111111111101111011100110111111
01101110111111101111111011000101
10111011011111111011111011101110
10110111111111110111001011001111
11100111111111110111101111101111
10010011101111111111011111100111
10111011101100100110111011111001
11110111011010111101110101010111
01111011111101110110101111110101
10110111111111101101001001111111
01101111011110101011111001001110
11111110111111011001111011111110
11111111111111011000111100101111
10111011101111111111111111111110
10101011101111101111111111011110
11101110110111111111111000110000
10111011011110100111011110111100
01010010010011100010111011111111
11111111111111111100101000111101
11110111011111111010110101111101
10100101111111111101111001001111
01011111101001111111101111111011
11011110111100011110111111011111
11011111011111111111101110110110
11111111111101111110111110110011
11111110111111111110101111100000
11110011010111110101100010101011
00111011101111011111111011100100
11000010110011111110110110001110
10111011111111110111110101000111
01100001111111111001110111001101
01111111111101111111111111111101
10011101111110011111111111011110
10011001111011111111111101101011
01111111001110010111111110110111
10101001110011110110101111111110
11111010111111011111011111111111
10111111001111111110111101111111
11111110001110111111011110111111
00101111100000100111110100111011
11011110011110101001100100011101
11010101111110011111111110101001
00010110011011111111111101111011
11101111100101001101111101010010
10011111111111111011010110011011
11110111111111111001111111111111
01111100111111110110111011000100
10110111101111101110111111101111
11111100011110011101101111111111
11111010111111011111001111111011
11011111111111111101111111111010
11110111111111111111111100111101
10101111111011111110111111000001
10111110111111101111100101010011
11110100111000011111111011111110
10111111111100110101101011010011
01110111111111111011111111111101
11101111011111100001011000111010
00110111111110111110111100100111
01111101011100101110010111110101
10111001110100111110111011110111
10111011111110111101110111110111
10111001110111111111010111100011
11100101111111111111110111110101
01101101001111110111101111111110
11111101111101110001001110110110
10101111111011111011101111101111
11111101110110010111111011110110
11011011011111101111111001001011
11001011011111110100110011011101
11010111111111100111111111111110
00011011001100111101001011101011
10110011110100111111110111100111
11101111111111010011111010101111
11011110101111111011011000001011
11010101111111101111111111111111
11110111111101111101101110111101
11110111011101111001111101110110
11101010111101101101111110010110
11110110111101111111110111111111
01100111111111111111111100101110
10011111111111101111111111111111
10101111100111100011100101111111
11000110101111110100101111011111
01111111111110111111110011110110
10001101100011111111111111111110
11101111111011111111011110111110
11111111001000011101111110111111
11111011111101100111101111110111
01010001111101101111110111010111
01111111011011010101111110001011
10111111001111101111111001101111
01111110011110001100101001111111
01111011110101111111111010111111
11111001011010100111011101011111
10111111111111011111111110011111
11101101001111010111111111010111
11100110101110111101110011010011
11111111101111101110100011010011
10100110110111111111110101110011
11111111111110111011110111011111
11101011111101101100110111111111
01111111011111111111110110010111
11111111111111110111101110111011
11110101111011111111111011011111
11111000101110011110001100100111
11010111011011111001111011111011
11110111001111111011011110011111
10110001011011101100111111111100
01001111110111111111001111101111
00111111111011011101111001111011
10111111101111111100101111110111
11111101110010100111111111111011
10101111011111101110110111111111
11111000111101111111111110101010
11111111011011111010111111101111
11010111101110111111101011111101
11111011101111101110111101111001
00101111101000110111111110111111
10111110111010101101011101111111
00111110111011111111111011011101
11111111111111111110111110110111
11000011111111101111100110101111
10101011111111110101011001010111
10110011111111111011101111111111
01111010111010000111110111110011
10111111110101110111101110110110
10100101111111011110011110111111
11111100111111111100101101011111
10101010100111001110111001011110
01110011100110110110110100010101
10110111111100111011101111101011
11111110101111101111110000111111
01111011111111101101001111000110
11111111111011100111001101001110
11110001111111101011111001000111
10011111111111010011111111111011
11111101011101101100111011111110
00001111011001110110111110101101
11010111011111111111011011111101
11111100010101011011111111111011
11101101101110111111100111101111
11111111111111100010110100111110
01011110011001101111111011010111
11001111001010001111101111110111
10011111111110011110100101011111
11101111111111101111011111111111
01011101001010001011111111011110
11101111011111111101111111111111
11110101111011111111101111111110
11111111111011111110111111110111
00111111111110101111101101111110
11010110111111011111111100110111
00011011111111111101011110110011
11011101100011111011111011110110
11011111101101111111111111100111
11111110011011011110111111110011
11111101101111101111011110110101
01011111111111110001001111010011
10111101111111110101111111110000
11011111011100101111111011111111
11011010111110011011101111010110
11110111111011010111110011011111
01011111011011111011011111111111
11110111101111100111111111001111
11111111111111111010111111110101
11101011111111111001111111000110
01111101111111110111111111111111
11111111101111111110100111001101
01100110111111011110111110111011
01111111011111101111111010010101
00101111111111101001111111101110
11111001011011101011111110111011
11111101111111101101111010111101
11111110101101011001101010011101
11111101011111100110111111011110
11011100111111010111100111101011
11011111011100111110111111001111
11011110111111111111011011111011
11000100111010011011111111110111
11111011100010101111111110101101
