10101101110110101101101101101110
10101010100101011011010100101101
11111101011010101101101101110110
11101010111010101011010101011011
01110101011101101010111010101010
10101011001011001110101010101010
01110101010101011111010010101101
01011010101011101011010110101101
01010101011111011010111101101010
10110101011010110110101010101010
01101010101101101010110101101101
11101010101010100110101110111010
10111101010110101001101101101011
01111010101010010101010110110101
10101101010111011011101111011011
10101011110010110111110111011010
10110110111110010110101010101110
10110011101111101010101010101010
10111101101101101011011010111110
11010101101101110101110101010111
10101010101011101110011110101100
11010101101010010101010010101010
11010010010110011101010110101011
10101010110010101101111010101111
01010110101110101101010101011010
10101110101011011010101101010010
10111011100101011110111101010110
10111011101011101010110101101111
11011101011111010010110101101010
11101101110110111010101101010101
11011011011101101110110101011110
10101010101010011011110101101101
00110100101101101011010101011101
00110111010101101011101011010110
11010111011010111011010101011010
10111101010110101011110101101010
11010101101001101101101011011101
01110101010111010110110101101011
10111110101010101010110101111010
10101101010101110101001010110101
01101010110111010101010111101011
01101111010101110110110111011010
10110101101101011101010101010101
01011101110101011010111011001010
11010110110110110101011011011011
00101111101011000101101010110101
01010110010111101010011010010101
10101010110101011101010111010101
01010110101101010101101001010101
01101011010100110101010110111010
10101101111011111010111111011101
10101110110111001010110110101010
10101101010101110101010101011010
11111101101010101011010100110110
10101011101010100110101010101101
11101010111010101111010101010011
01101101010101011110101010101011
01011101110101010101101010101011
01011110110101101010101101101010
11101111101011110101011010101011
01101101101111011010101011101011
01110101010101001111011010101101
10100110110010101010101011011010
10110101101011011110101101011101
01011101100110110101010101110110
11110101101010110101101010101001
10110111011101011010101101010110
10110101010101011101011101101011
11010101010110101010101010111010
11101011101010101110101011101101
01010101110101101101001111010110
10110110101011010101101010110101
10101011011011010101011010101011
01010101010110110101010110101010
11010110100111010101010101101010
10101010110110101010101010100101
01011011011011101010100101010110
11011110101010110101010101011010
10101010011111010110110110110101
11011010101110101010101101011011
01010101010101010110101011010101
01101110110101011111110101011011
11010101010111101011011011010101
01101110101101010101111011010101
10101010110101101101010111011010
11011010101010101010101110110010
10011011010101101011011010101011
00101101010101101101011101110111
10101010101101101000110100101010
11011111010101010101011101011101
01001011011110111110101011010101
01011111010101110101101010101010
10101110110110111010101011101101
01011011011010111011111101010101
11011011011010111010110111110110
11001010101111101101101101011111
01010101010101101101011011010110
11011101011110110101011010110101
01011110110101011110110110101010
10110110101011101010101011011010
11011010110101010110110110110110
11101011010101011101110101010100
10110101011011010101010101110101
01010110011010101101010111101011
01011011010101101010111010101010
11010011010101101101011010111101
01010101010110111101111101010110
10101010101010111111110101011110
10111111101011010010101010101101
11010110101010101011011110101001
01001101011011010111010101010101
01011101101011010111011101111011
00110101010111010101011100101011
01001011010101010010110010101010
10101011010111010101011110101101
01101010101010101101001101101010
11011111011101011101011010101011
01110101011010101010110110101011
01011101011101010101010111110101
11001011110101010110101101111101
01001110101010110011011011101011
01101110101010101110101011011010
11110101011011110101110101011010
10101011011001010110110010110101
10110101101001110101010101010100
11011010101101010111101010101101
11010101010110101010110001010111
01110110101101010110110110101010
10110101111010101011010110110101
11101101110101011011010101101110
11011011101010111110100101010101
01011011011011101011101010101010
10110110101010101010010101011010
10110110101101101101011010101010
10011011010101110101010101010101
11011010101010101010110101010101
10101010101010101010110101110110
10111101010010101010111010111011
01110111101110101111010110011100
01011111010101101010101011010101
01110110101011010110111100111010
10101010101010111111011011010101
01011101010101101010111010101011
01010110101101101010101011010110
11011011011010101010101101101010
10010111101111101010111011010111
01101101010101110111011010101010
11011111101010111010110101010101
01010101010101010101011011011010
10101110101010110101010101011110
10101010101101110101010111010111
01101010101111111101111011011011
11011101010110110111101101101010
11010101110110110100101010101110
10101010101010101110101011100101
01011010101011011011101101010101
01010111011111011011110101101011
01011110101011101010101010101101
01010111010110111111010110100110
11010101010101001001011010101010
11010100110101101011010101001001
10100110101010111010101010101110
10101010111010110101010111010110
11101001011010111011010111101101
11101101010110110101011010101011
00101010110101101001101111110110
10110101010101100101101011101101
01101110011101101010101101101010
11101110111110110110111010101011
01110101101101101101101010101011
01010011010101101011010101101010
10101011011011010101010110111010
10101010011101010011101011110110
11110101010101110101010101010101
01101101010101101010101011011010
01101101010101010100101010111010
10101010111101010101101010110111
00110101101010101010101101010101
01111011101100101010110101010101
00101110101011110101110111011010
11010101011111110101101010100101
01010010110101010101110101011010
11101011010110100110101010101001
01111111101010110101010101010110
10111101011010101101010110101010
10101110101101110110110110111110
10101010101011010101010101011011
01010101011110101010110110101010
11011101010111101010110101011011
01010101110101001101011010110101
01111010101010110101111101111011
01011010101010101011010101101101
01100111110101101010110101011111
01101101010101011111011010111010
11011101010110110110111011101010
11011011101010110101101010101101
10101101010110110101010101101010
11010110101010101101010101011010
11011010101101010101101101010101
11010110101011101010110101011010
10110110111101011101010101101101
11010101010101010101011010110101
01110101010101010101011101101011
01010110101011011011010110010111
10101110111001011010101101110101
10101011010101101011111001101100
11110101010101010101010110110101
01011010101101101001010101101010
10110101010110101001011011011010
11010101011010101011101101011101
10010101010101011010101010101010
11010111010101010101111010101111
11011011010101010111010010010101
01101011010110101011101010101110
10111010101011111010111011010101
10101011011010110110101101011010
10101011101010101101011100111101
01011010111101110101010101010101
01110101010101101011010101111010
01011101101101011110110110110101
00110101011011101011011011010101
01010101101010110101010101010101
01011010111001101010101010101011
01110111010111011010111110101010
10101101111001010101010110101010
10101110101010101011010101101010
10101010110101011011010101010110
11010101010110110111011010111010
10101101010110111101101110110110
10011010101011011010111101101111
01010101010110110111011011110101
01010111010101011001010110101011
10101010110101011111010101011101
01010101111010110110111011110101
01011001101010101010101011100101
01010101010111011010101101010100
11111011011011010101010101010110
10101010101101110101010101010101
11010101110101110110101011110111
11011010111010101101010101011011
11101110101010101010101010101011
01010101110111010101010101101111
01101011101010101010101010101101
01010101101010101010111010110110
10101010110110101110110101010110
10101010110101010101110110101111
10010101011101010111010010101101
11001010110111010111111011101110
11101101110101101101010101101011
00110110101010011110101010111010
11011010101010101111010111010101
01101101101011010101011010101011
01010101011101010110111010101110
11111101101010101010111010101101
11101010100101011110101101010101
01010110101010110101010110101110
11011010101011010110111111010110
11010111101011010101101110111010
10111010010101010110110110010110
10101011110101010101010100101010
11010010111011110110101011101101
01011010110110101101101010101010
10110101011101010110110110110110
10101101011010101011010101101011
11101101010101011010101010101011
01001011011110110101001010111010
10101010101011010010100101010101
01010110101011111010111100100101
01011101010110110110010101101011
11010101101010110101010110101110
10111101101010110101010101010101
01011101010110101111011011110101
01101110111011110101110110110101
10110110101011011101011101101101
01011010111010101011111110101010
10101011101110101010100101001011
10101010101011111101011010111011
01011010111101011010010110111011
00111101110110101010110101010110
11010110100101011110101011111101
01011010110101010101010101111010
10101011101010110010101101010101
11110101010101010101101101011111
01010010101011110110100101101011
10101011010110111010010101010101
01101010101010101101010111010101
01111101010101010011010110111110
01101101101101010101010110111010
10110101110111010101010101011110
11011010101010101010110101010110
10111010110101010101101011101010
10101010110101100101010110111101
11010101101101101010101010011010
10110101010110101010101010101011
10110101001101010101011101011101
01101110111010010101011110101010
10110101110101101010110110101101
10101111011011011010110101010111
10100101010101010101101010101111
11111010110101010101111010101011
01010110101101011010110101101101
01110101010101101010101010101110
10101011101010110101010101011101
10110101010110101011101101110010
11010110111110101011101010101101
10101011011011011010110101010111
01101110110111101010110101010101
11010101010110101011111101101010
01010110101011001101010111011011
01010101011110110101010011011011
10110101011011010101110101101010
10101101101001010101101011010101
01011011011101001010101110110101
01011101010110111110101010100101
01101011010101101010101010100111
01010101011101010110101010101011
11101010110110010101010101010110
11101110101101010111010110101001
01010110110101101010101011010101
01010110101011011011101011010110
11010101010010101011010101111111
01010101011111011010101110101101
11010101010101110111110111011010
10110110110110101010101010101010
10101010101010110110101101101011
10101011101010100101011110111011
01011101010101011010101101011011
01101010101011101011110110110110
10101010111101110101101101010101
01010101101001101010101010111110
11010101011000101110101101101010
01110110111101001011010110101011
01010110101011010101010010101011
10100110111010011010101011010010
10101111010101010101011011011010
10110010101011110101010111010101
01011110011010101010010110101010
11110111010101100101101011010110
11101111101101010100101010110101
11101101101010110111010101101010
10111010101011010101010111011101
00101110101101010101010101010110
11011011101010110101011110101101
01010110101011010011010101010101
01010110101011010101011101011011
01011101010101010101011010111110
10110101001010110101011001101011
10110101111010101010110001101101
11101010101011010101110101011011
01110101010110101010101010101010
10110101101010010111010110110101
01110110101101010101101101010110
11010101101010110111110101010101
01011101101011010101100111010011
01101101011010110101010111011101
11101010111011010101011011111010
11101011010101011111010101010101
10110101110101010111101101011101
01101011010111011010111010111010
11010101011101011101101010110101
01010101010110101110101010101011
01101010101010011111101010111011
01101011010110101011011010110101
10101111011010101010101010101101
01011011011111011010101010101010
10101011010110110110110101011111
01011010011010110101101101101010
10101111101010101010100101010111
01101010010110111011110100101101
01011101011101101101010111001011
01011101010110110101101101010100
10110101010111010101011110111011
01010110101010110101011010101101
01010111101010110101110101101101
00101101101110111110101010101010
11111011010111101011101010110101
11010101010101110101011010101110
10101011010101010110101101011011
10101011010101010101010110101010
10111001010101111010101010101101
01010101101101101011101010101010
10101110101101101010101011011101
01011111010101011100101110110110
11010101101010110110101010010110
10111010110111010101011101010101
10101010101101010101010101111010
10111111101011101010101010101001
11010111001011111010111010101010
10100110101110010111011011010111
10101001101101010101101010111101
01011010101110101011010101111101
00101110100111010101010110101110
11010110101110101010101010101011
10101010010101011010101010110101
10011101010101111010101011011011
01111011010111111010101111101010
10110101011011011111011010111011
01011011101101101101100010101011
01101101010111011110010110101110
10111000101010100101010101011010
10101010111101110101011010110111
10010100101011010101011101111010
10101110110110111111010110010111
01010101101011010110010100101001
01010011011011011101001110101101
01010011011101101010101011011010
10111001110110101101011001010101
01110101011111101110110110111101
01110101010111010110110101011101
11011011010110101011101110100110
10101011011101010101101110110011
01010101101101101011000111010101
01010101010101101101111010010110
10101110111110101011011010101011
01101101101101011010101010101010
11111010101110101010101010111110
10101010100101101110110101010111
01010011101011101010101010101010
11010101101010110101110110011010
10101010111011011110101101010101
01101110101011010110101011011101
01011011010101110111101111010101
01011101010101101010101101011010
10110110100111100101110110111010
11011010011010110101111011010101
11110101010101101010101101101010
11110101011010110101010110101010
10101010101010110101011011101010
10101110110101101101010101010101
11101101011010110101010101010111
10101101010101010110101101101110
10111010110110101010101011110101
01010110101011101011010111010101
01100010101010101010010101110110
11010111101011101011011011101011
01011101101010101010110101010110
11101101010101001101111101011110
11010111010111010110101011010101
10111111110101101101101101011010
10101011101010111010111010101011
10101010101110101110101110110101
01101010101011010010111010110101
01010101010100010101010101010111
01101011010111011010101011010101
01101010101010101111101101110111
01010101101010101011010101010111
11101010110101010101101101111011
11101101010111110110001010110101
01011110110101010111101101110111
01010101010101010100010101011011
01010101011101010101010101010101
10101010111011010101101010101010
10110101010101101101110011101010
10101011010101010101010111011001
11010101011101101001011010111011
01010101010101010110101010101010
10101011010110110101110110101011
10111011110101111101010101101011
11011101011101010110110101011010
11110111011010101010101010101011
01110101110111010110111101010110
10111010110110110101101010111101
01101110110110101010101011010101
00110101010101111101011010101101
10010101010101110010101010111011
01011010111010101010101101011101
11110110101010101010101011010100
10010101101110101010101010110100
11010101010011010101100101011010
11101101010101010110101001011010
10110101010101101111101101101010
10111010101111011011001101011011
10101010111101010101011010110101
10110101011011010111101110110101
10110101110101101010101110110111
01010111011001010111010101010101
01011011001010111011110110101111
01111010111010110101011011011011
10101101010101110101101010111011
01101011010110110101011001101010
11010101011010101010111011101111
01010110101101101010110101010110
11101101101110101010101101010101
01001010101010100101010111010100
10101010110101101101101011101011
01101111101110101010101010101010
11101010110111010101110101110101
00001101010111011111010101110101
10101011010101101101010101010101
01010110101010111001101110101010
10110101011011010101101101011001
01100111101010101010110101010101
01010101111101101001101101101111
10101101011010110110111101011011
10110111010111011001101011010110
10101010101101010101011101001010
10101101010101001010101101011011
01011010101101011011010101111010
10101010110110101011110010010101
01101100111010010101101101011110
01010110111011011011110110101011
10110110101010101010101101101010
11111010101010110101010111101010
11101010101100110101010110101110
11111010011111010101011010010110
10101111011100101101010101010101
10101101011010101001101110101010
11010111110110101010110111011010
10011011010101110110101101011101
11101010101110101011010101001101
01101111010101010101011010101101
11011011010101110101010110110101
01101010101101111011111011101101
01110101010101010111101111111011
01110111001111010101011110111101
01101010101010101010101011101010
11101011101011010101101101010101
01011011101010011010101010101110
10101101011101010101111101101010
10101010111110101010101011110110
10110101010110110110110101010101
01011011010101011101100101010101
10101010101101010110111010010101
10101110101010110101101010101010
10101010111011101010111101010101
10110110110101010101010111010111
01010101010101101010110101010100
10101010110101010101010110101011
01011011101010101101101010101010
10110101011010100101011101011101
10110101101010100111101101011011
01010101011011011011101010011101
01110101010101001010111010101010
10110110011111100101101011111101
01010110111010110101010101111111
01101010110111010101011001010111
10110101010110111010101010110101
01010111010101010101101010101001
01011011111010101011011101010101
10101111011010010011101101010111
01010110101111011011010101010100
11011111110110101110101101100100
11111010101111010101101101101010
01111101010101010101110111101010
10101101111111101010111110111010
11110101011101010110111010111011
01010110101101111010110101010101
01010110101101011011110110010101
10111011010101101001110101011010
01011010111010110100101110101010
10110101101101101010111010101101
10110100111010101110110101101110
10101001101101111111010100110101
01110101101001010101010111101010
10101101011010101101111011011111
11010111010111010101110110010101
01101010100010101111110110101010
10101010101011101011110101111001
11011010110111010101011010111010
10111011010111011001110101011101
01010101100111011111010101101101
10101101011011110101011010100110
10111101010101111111010101101010
10101010101011010101101011011010
11110011010101101101101011101010
11010111011101010110100110110101
01011011010110101010111010101001
11010100101101101110111101011011
01101101010101101011101001101001
11111011010111010111010111011101
11011011110100101010101101010101
10101101011010101101101010101010
01010101011011010100100111010110
00101010110101101010101010101010
10101101010101101101101010101101
01010100101110110101101110110100
11101011111101101111110110010110
10101101010111010101110101010011
01101010101111011010101010111110
10111011010110101011010111001010
10101110110101010101011011101011
11001010101010110101011011111011
10101011110010011010010101101111
10100101010111011101110101011101
01010110110110101101010101101010
11101010111110110101101011010101
10010110110100101010101010101010
11101110101101110011011011110101
01010101111011010110101010110110
11011011101111111111010111010010
10101011101011010101100101101001
01010101010101111110101010101011
01101011111101010101110111101010
10101011011101011101101011010110
10101010101011001001010110111011
11100110101011111010101010101010
10101101010010100101011011010101
01011010110101010111010101101010
10110101111100101101101010101011
01011011010011110101101011010101
10101010101010110101010101011010
10100101011101010101010110110110
10101110101101101111010110101101
10101101101110101010101101111011
01011011101111010110110101011011
01101010101001001101101011010101
01010101010101111011111010101011
10101011101101011010101010110101
01011101101101101010101011011010
10101010101101101101010101011011
01001010101110101101101101010110
10110110111101101011101010111111
11101010110111101010101011010010
11001011110101010111010101101101
11011010111011011010101011011010
10101010101011111110101110101101
01101101010101010101010101010111
01010111010101101010101110111101
10101010100101101011011011101011
01010101010101010111010101011011
11010110111010101010101101101101
01101010111101011101010101111101
01011010101010010111011110101011
01100110101101010101011010110101
01011110101010111101101011010100
11010101011010111010111010101101
10101101100101101101101011101111
10101010110110101010101101010011
01010110101001101101011011010110
11010110101110101101010101010101
10101010101010110101010110110101
01010111101101101010101010101110
10101011110101010111010101110111
11011010110100101011010101010110
10101101101010101101010101010011
01101011011101101101011010101010
11010101010101010101011010110110
10101101101011010110101010101010
10101101010101010110101010101010
10110110110101001010101110101011
01001010110110101101011010101011
01110101011011010010101010111011
10110101010101010101011010101010
10101011010111011010101101111011
01101001010110110101110110110101
01110101011110011001011101010111
01111010101101010101011101011111
11011010101001011010110101010101
01010101101010101011101110111010
01110101011111010011011011011111
01010110101010111110110101011111
10111011101010110101010101010101
01110101010110011010101101101010
11010101010010101100110101010101
11010101011010101011010101010010
01101111111010101010101011011011
01010110111010101010101010110101
10101101101010101110111011011011
01101010101011010111011101001011
01101101010110110110111010110110
11010101001011101001101010101011
01110110110111010101001011010101
01000111101101011011010101010101
10010101010101101101010101101011
01011010111010101011011010101101
01110101110101011010101100101101
11010111101110111011010110101101
10101011101101110111010110110011
00110101010110101101011101010101
11101010101101010101101101101110
10101010101010101110110101101110
10101101101101101101101011101011
01101011100101110101010101010111
01010101010101101011110110110101
01010111110100101101100010101101
11010100101100110101101110101011
01101011010101010111011101010110
10110111010101011110101101010111
11101010110110101101101010101011
01011011010101101011011011010101
01010101110010100101011110101101
01010101101010101101010110111011
01010110101100111010101010101010
10110101110101010101010110110111
10101011011011110101011010101110
11110101111110101101110111010110
11011110101011010101011101010101
10110101010110111011011101011010
10101011010101010101111010101011
01101101010101101011011010110101
11010101111011010110101010101011
11101010101010101010101011011010
10101100101011011011011010011010
10110101011101111010110110110101
01010101010110110111100110101111
01101010111101111011010010101101
01011101011111101010101010101011
01010101111010101101010110110110
10110110111010101010111010101101
01010110111101101011011011101111
10111010110110101101010110101011
11010101011111010110101011101010
11011101011011011101010101101010
11110101010110011011011010101010
11011010110110101010101101010101
01010110101011010110101011011010
10101101011010110101010101011010
10111110111011010110101101101101
01010101011011001010110101101011
01011010110101101101010101001001
10011011011010101111101010101010
11110101010101001010101101010100
10101010101111101010110101101010
01010101101011101111110101010110
11111110101010101011101010101110
10101011010010111011011100101011
10111111010101011101010101011011
01110111011001010111010101101101
01010110101011111101011011011010
10010101101010110011011101010101
01010110101001101110101011010110
11101110110101011011010110101110
10111010101010101100101010110101
10101111010101111101010111101011
01101011110101011101011010111010
10110101011010101010101010110101
01011011011011010101010101011011
10110111110111001010111011101010
11101011101111101010110110110110
10101010101001110110110110111010
10111101101010101101101110101011
01011101110100101101101011010110
10101010100101011010101110101111
10101010110101011111101010101010
11010110101011011010101010010101
01010100101101011010010101011010
10101010101101101010101010110101
01110101010110101101101101110110
11010101110110110110101011111010
10111010101011101011011101010101
00101111101101101101011101011101
01011010101010110101011110110101
01010010101101010101010101111101
01110100110110111011101010101101
10100111011011101011101110101011
01010101010110110111011010101101
01110110101101110101011011011110
11001010101010110111011110111011
10101010101010110011011010111101
01010110011110010111010101101010
11101110110101010110110101010101
10101010101010101101010111101011
01101010111010101011010101101010
11011100110101010101110101101011
01010101111110101110010101011101
01010110101101010110110111010101
01011011011011110101010110111101
01101010111101010101010111010101
10101011001110101110111010101110
11010101010110101001010101011010
11101010111011101010110010101111
01101010100101010111111000110101
10110101010101101011010101011010
10110101010101101010101011101010
10011010101010101011010110101010
10010010101011100111010110101011
01110101100110111101101110010111
01010101110111101111101101010110
10101011011010100101010011011101
10110101010110110101110101011101
10101010101001110100101010111111
11011111101110110101001010101010
10110101011010111011010111010101
11011101011010111011010101110100
10101111101010111010110101010110
10101011101110101011111011011101
01011010101010101011010110101010
10101110101111010101010101110010
10111101010111010111010111010101
11011010110110110101010110110101
01010111011101101110110101010101
01001010101010101010101010111011
01011011110101101011001110010011
01010111101011010101011010111010
10101010110111010101110111010101
11101011010110101011010100101101
01011110100101101010101011010101
10101011111101011101101110110101
10110101101111010110101010110101
01010110110111101101010101101010
11111010111101010101010101010101
10101011101101101110011010101101
01011011011010101011101101101111
01010101011010101011101010110111
01010101111011110111101010010110
10101010101010101011010101101010
11110110101010101101010110101111
01111010101011101010101010101010
10101011010101101111101101101100
10110101110010111010101010100101
10111011111101010101101011101101
01010100101101010100011010101101
10110111010110110110110011101110
10101101011111001101110101011010
10101011010110110110101010111110
10101010100110101011111100101011
10101101101101010111001010101110
10101100101101010111011011110110
10101010101010110110111101011010
11110101011101101010101101101111
01110011011010111101101010111010
10110101101101010101010101011010
11010101101101010101011010101101
11001010101101110110101010101011
10101010101010111110101011101001
01001011101011101110111010101010
01010101010101001101110101110101
11011010111110101110101010101011
01010101101010101010101010101100
10101010110100101010101010101011
01101101011010101010101010101010
10101110101010110110111110110101
01011010101110010110101101110101
01011010111010010111010101101010
11101010111010110110101011101101
11101111101110110101011101101010
10010010110101010111010100101101
10101010101011011101010111011101
01010101011010110101111101010110
10101011010110101010110101010101
01010101101010101011011010101011
11101011010101011101010110100101
01010101101010110110100010101101
01001101011110111110110101011101
01011111011101010101010101101101
11011011010111001010101101101010
10101011010110101010101101010101
01111110101011101101010101010110
10010101011010010101101010101011
11011010101010101010100101010101
01110101010101010111010111101010
10101010101000110101110101010010
10101011110101011001101011010110
10101101010110111111011011110100
10100101010101011010101110110101
01011110101010101010111101011101
01010101011010111010101111111010
10101010101010111011110110110111
01011101101010111110110111010101
01011010101010101100101110101110
10101101101111010101010101101110
11010101101101111010101010101110
11101110111101110101101010101101
01011110101010110110101010101010
10110101101010101010011010110101
10110110111011010101010101101010
11101010110111010101110110101010
10011011010101101101010101010111
10101101101110101110110110101001
10101011010111101011110101010101
10101101010101010101101010101101
01101011011011101010110110110101
01011110111010111010101010101010
10100110101010101100011110111001
01010010111101011010101010111010
10101001111111101011010111010101
01101011010101011010101010101111
10110101101011010100101011010110
11011101011010011101010101010110
10111011101010110111110101111110
11010101111010101110111011001010
10110111011011010101011010101101
01110101011010101010101010101010
01101010101101010010110101110101
11010101010110101111011010111010
11010101010101011101101101101101
00101101011110101001101010101011
01010110101011010101011011001111
10110110101010110100101011010101
10110110110101101010010110111010
11101010101001010010101010010101
01010111010101010101010101010111
01010101010101010101010111010101
10110110101110101110101010111010
11101100101010101111101111000101
01010101011010111011010101011010
10101010110110111101110101110110
10101010111011111010110101010101
01011010101010101101010101010111
11010101101011111011011101100110
10111010101101111010110110101101
01010100101010111011011101010101
01011101010101010110101101101010
11010101010111011101010111011011
01101010101011001110101101010101
00101011101010110101011010101011
11101101011011011010111111010110
11010101111010110101100101101110
11010101011101011010110101110101
00101101011110110101101001011101
01011010110010110110111011010101
00101010110101101101101010101011
10111010101010101101011010111110
10100101110101010101011101010101
11011101010110110111011011011111
10101010101111011110101010101010
10101011010110110111101101101110
10101010011110101110101111010110
10011011010110101010101011010101
01010111010101011101101110101110
11010101011011001101010101111101
01011011001010010101010110101010
10101011011010101101010101011101
01011010101010101010110101011010
11010111010101001010101110101010
10101010010010110100101010101110
10101010101101010010100101010101
01111101010101110101010101110110
10101101111101011011111110111101
00101010101010101010101010101101
11011010111111101010010101010101
01010110101010110110101011010101
01010101011010101101101110101011
11011011011010101010101111111010
11011101010101010100110101010101
11110110101010101110101010101001
01101010101010101010101110101010
11010101010101011010111110111100
10010111010110101010101010101010
10110101101011010101101010110110
11101010110101101010101101111110
10110101011011111011101011011010
11101011011010110011101010101111
01010101101010101010101101011010
10110110110101010101101111010101
01010110110110101010101011010101
01110101011010101010110101010101
01010110101010101010101010110101
10111011001101011010101011001010
10101111001010101010100101011011
01010111110100101011001100010111
01101111011111111010100101111011
01010111101010110101101111010011
01011010110101010101010101101111
00101011011111011111010110110110
10101011010101101010110110101110
10101010101101101010011101101011
01101101010101010110101101101011
01010101010101011010101110101011
01010100110101010101011110101110
10101101101101010101011010110110
10110101101010101101010101011101
01101110101010110111010101011101
10110101111010101101101011011101
01010110111010111011111101011001
10101101110101010101001011010101
11010110101010100010101101010101
11010110101111010110101010101101
01111010110110100101011101010101
01101010101101101010101110110111
10101101011101010101010101111010
10110101010110010101011101010101
11001011011110110100111011110110
11010101101011011101011010101110
10111010101011101010101101101101
10110111010110111011011011010101
01011101101011011011010110101010
11101011010101110101100110101010
11011010111010101011110111010101
01011101011110101101011101010111
10101010101011110110101010111010
10111010110101010111010110110101
01101010101010110110101101101010
11010010101011011110101001010101
10101010110110101101010111101010
10101011011010110101001010101011
10101011110111010101110111011101
01101111010101010101011101010101
11110101010010110111010101010101
01110101100110101111111001101010
11110101101011101010101010101110
10110111010101111010110011010101
01110101011010110101110101010110
11010110101101010101011111011101
11101011110110110011111011010101
10110110101110110110101011101101
01011011010101010101101011011010
11101011101101101110101010101010
10101110110101001011001011011101
01010101010010101010111010101011
01010110101101111010101101010110
11101001101101010101001110101011
11111101101101101101010010101101
11010101011010111010101011110101
01011110101010110111110111010110
10101010101010101010101011101010
10100101010101101010110111010101
01101110101010101011010101011011
01101111011010101101011101011011
11101100111011110101010101011010
01010101011101101101010111010110
11011011101010110110110101110101
01011010110111001010100101110101
01010111101011111011011010111100
11110101010101101111101011010110
10110101010101110100101011101111
01010101010110101010101010110111
01011010110101101110110101101010
10100101011011010110110111110110
11010101101011010111101101010010
10111101111011011010101010111110
10111011011010111010110101010101
10011010110101010110101101011010
10101011011101001011011110111010
10101010101011111011111010101010
11011101101101011011010110110110
10101010110101010101010110101110
11010101010101011010101010101010
01110111010101010101010101101110
10101101110101011011011010111101
01110101010101011010110101010101
10101101010101010110101010111010
11101010110110101011011010110010
10101010100110110111010111010111
